0 1 2 3 4 5 6 0
1 1 2 3 4 5 7 0
2 1 2 3 4 5 8 0
3 1 2 3 4 5 9 0
4 1 2 3 4 5 10 0
5 1 2 3 4 5 11 0
6 1 2 3 4 5 12 0
7 1 2 3 4 5 13 0
8 1 2 3 4 5 14 0
9 1 2 3 4 5 15 0
10 1 2 3 4 5 16 0
11 1 2 3 4 5 17 0
12 1 2 3 4 5 18 0
13 1 2 3 4 5 19 0
14 1 2 3 4 5 20 0
15 1 2 3 4 5 21 0
16 1 2 3 4 5 22 0
17 1 2 3 4 5 23 0
18 1 2 3 4 5 24 0
19 1 2 3 4 5 25 0
20 1 2 3 4 5 26 0
21 1 2 3 4 5 27 0
22 1 2 3 4 5 28 0
23 1 2 3 4 5 29 0
24 1 2 3 4 5 30 0
25 1 2 3 4 5 31 0
26 1 2 3 4 5 32 0
27 1 2 3 4 5 33 0
28 1 2 3 4 6 7 0
29 1 2 3 4 6 8 0
30 1 2 3 4 6 9 0
31 1 2 3 4 6 10 0
32 1 2 3 4 6 11 0
33 1 2 3 4 6 12 0
34 1 2 3 4 6 13 0
35 1 2 3 4 6 14 0
36 1 2 3 4 6 15 0
37 1 2 3 4 6 16 0
38 1 2 3 4 6 17 0
39 1 2 3 4 6 18 0
40 1 2 3 4 6 19 0
41 1 2 3 4 6 20 0
42 1 2 3 4 6 21 0
43 1 2 3 4 6 22 0
44 1 2 3 4 6 23 0
45 1 2 3 4 6 24 0
46 1 2 3 4 6 25 0
47 1 2 3 4 6 26 0
48 1 2 3 4 6 27 0
49 1 2 3 4 6 28 0
50 1 2 3 4 6 29 0
51 1 2 3 4 6 30 0
52 1 2 3 4 6 31 0
53 1 2 3 4 6 32 0
54 1 2 3 4 6 33 0
55 1 2 3 4 7 8 0
56 1 2 3 4 7 9 0
57 1 2 3 4 7 10 0
58 1 2 3 4 7 11 0
59 1 2 3 4 7 12 0
60 1 2 3 4 7 13 0
61 1 2 3 4 7 14 0
62 1 2 3 4 7 15 0
63 1 2 3 4 7 16 0
64 1 2 3 4 7 17 0
65 1 2 3 4 7 18 0
66 1 2 3 4 7 19 0
67 1 2 3 4 7 20 0
68 1 2 3 4 7 21 0
69 1 2 3 4 7 22 0
70 1 2 3 4 7 23 0
71 1 2 3 4 7 24 0
72 1 2 3 4 7 25 0
73 1 2 3 4 7 26 0
74 1 2 3 4 7 27 0
75 1 2 3 4 7 28 0
76 1 2 3 4 7 29 0
77 1 2 3 4 7 30 0
78 1 2 3 4 7 31 0
79 1 2 3 4 7 32 0
80 1 2 3 4 7 33 0
81 1 2 3 4 8 9 0
82 1 2 3 4 8 10 0
83 1 2 3 4 8 11 0
84 1 2 3 4 8 12 0
85 1 2 3 4 8 13 0
86 1 2 3 4 8 14 0
87 1 2 3 4 8 15 0
88 1 2 3 4 8 16 0
89 1 2 3 4 8 17 0
90 1 2 3 4 8 18 0
91 1 2 3 4 8 19 0
92 1 2 3 4 8 20 0
93 1 2 3 4 8 21 0
94 1 2 3 4 8 22 0
95 1 2 3 4 8 23 0
96 1 2 3 4 8 24 0
97 1 2 3 4 8 25 0
98 1 2 3 4 8 26 0
99 1 2 3 4 8 27 0
100 1 2 3 4 8 28 0
101 1 2 3 4 8 29 0
102 1 2 3 4 8 30 0
103 1 2 3 4 8 31 0
104 1 2 3 4 8 32 0
105 1 2 3 4 8 33 0
106 1 2 3 4 9 10 0
107 1 2 3 4 9 11 0
108 1 2 3 4 9 12 0
109 1 2 3 4 9 13 0
110 1 2 3 4 9 14 0
111 1 2 3 4 9 15 0
112 1 2 3 4 9 16 0
113 1 2 3 4 9 17 0
114 1 2 3 4 9 18 0
115 1 2 3 4 9 19 0
116 1 2 3 4 9 20 0
117 1 2 3 4 9 21 0
118 1 2 3 4 9 22 0
119 1 2 3 4 9 23 0
120 1 2 3 4 9 24 0
121 1 2 3 4 9 25 0
122 1 2 3 4 9 26 0
123 1 2 3 4 9 27 0
124 1 2 3 4 9 28 0
125 1 2 3 4 9 29 0
126 1 2 3 4 9 30 0
127 1 2 3 4 9 31 0
128 1 2 3 4 9 32 0
129 1 2 3 4 9 33 0
130 1 2 3 4 10 11 0
131 1 2 3 4 10 12 0
132 1 2 3 4 10 13 0
133 1 2 3 4 10 14 0
134 1 2 3 4 10 15 0
135 1 2 3 4 10 16 0
136 1 2 3 4 10 17 0
137 1 2 3 4 10 18 0
138 1 2 3 4 10 19 0
139 1 2 3 4 10 20 0
140 1 2 3 4 10 21 0
141 1 2 3 4 10 22 0
142 1 2 3 4 10 23 0
143 1 2 3 4 10 24 0
144 1 2 3 4 10 25 0
145 1 2 3 4 10 26 0
146 1 2 3 4 10 27 0
147 1 2 3 4 10 28 0
148 1 2 3 4 10 29 0
149 1 2 3 4 10 30 0
150 1 2 3 4 10 31 0
151 1 2 3 4 10 32 0
152 1 2 3 4 10 33 0
153 1 2 3 4 11 12 0
154 1 2 3 4 11 13 0
155 1 2 3 4 11 14 0
156 1 2 3 4 11 15 0
157 1 2 3 4 11 16 0
158 1 2 3 4 11 17 0
159 1 2 3 4 11 18 0
160 1 2 3 4 11 19 0
161 1 2 3 4 11 20 0
162 1 2 3 4 11 21 0
163 1 2 3 4 11 22 0
164 1 2 3 4 11 23 0
165 1 2 3 4 11 24 0
166 1 2 3 4 11 25 0
167 1 2 3 4 11 26 0
168 1 2 3 4 11 27 0
169 1 2 3 4 11 28 0
170 1 2 3 4 11 29 0
171 1 2 3 4 11 30 0
172 1 2 3 4 11 31 0
173 1 2 3 4 11 32 0
174 1 2 3 4 11 33 0
175 1 2 3 4 12 13 0
176 1 2 3 4 12 14 0
177 1 2 3 4 12 15 0
178 1 2 3 4 12 16 0
179 1 2 3 4 12 17 0
180 1 2 3 4 12 18 0
181 1 2 3 4 12 19 0
182 1 2 3 4 12 20 0
183 1 2 3 4 12 21 0
184 1 2 3 4 12 22 0
185 1 2 3 4 12 23 0
186 1 2 3 4 12 24 0
187 1 2 3 4 12 25 0
188 1 2 3 4 12 26 0
189 1 2 3 4 12 27 0
190 1 2 3 4 12 28 0
191 1 2 3 4 12 29 0
192 1 2 3 4 12 30 0
193 1 2 3 4 12 31 0
194 1 2 3 4 12 32 0
195 1 2 3 4 12 33 0
196 1 2 3 4 13 14 0
197 1 2 3 4 13 15 0
198 1 2 3 4 13 16 0
199 1 2 3 4 13 17 0
200 1 2 3 4 13 18 0
201 1 2 3 4 13 19 0
202 1 2 3 4 13 20 0
203 1 2 3 4 13 21 0
204 1 2 3 4 13 22 0
205 1 2 3 4 13 23 0
206 1 2 3 4 13 24 0
207 1 2 3 4 13 25 0
208 1 2 3 4 13 26 0
209 1 2 3 4 13 27 0
210 1 2 3 4 13 28 0
211 1 2 3 4 13 29 0
212 1 2 3 4 13 30 0
213 1 2 3 4 13 31 0
214 1 2 3 4 13 32 0
215 1 2 3 4 13 33 0
216 1 2 3 4 14 15 0
217 1 2 3 4 14 16 0
218 1 2 3 4 14 17 0
219 1 2 3 4 14 18 0
220 1 2 3 4 14 19 0
221 1 2 3 4 14 20 0
222 1 2 3 4 14 21 0
223 1 2 3 4 14 22 0
224 1 2 3 4 14 23 0
225 1 2 3 4 14 24 0
226 1 2 3 4 14 25 0
227 1 2 3 4 14 26 0
228 1 2 3 4 14 27 0
229 1 2 3 4 14 28 0
230 1 2 3 4 14 29 0
231 1 2 3 4 14 30 0
232 1 2 3 4 14 31 0
233 1 2 3 4 14 32 0
234 1 2 3 4 14 33 0
235 1 2 3 4 15 16 0
236 1 2 3 4 15 17 0
237 1 2 3 4 15 18 0
238 1 2 3 4 15 19 0
239 1 2 3 4 15 20 0
240 1 2 3 4 15 21 0
241 1 2 3 4 15 22 0
242 1 2 3 4 15 23 0
243 1 2 3 4 15 24 0
244 1 2 3 4 15 25 0
245 1 2 3 4 15 26 0
246 1 2 3 4 15 27 0
247 1 2 3 4 15 28 0
248 1 2 3 4 15 29 0
249 1 2 3 4 15 30 0
250 1 2 3 4 15 31 0
251 1 2 3 4 15 32 0
252 1 2 3 4 15 33 0
253 1 2 3 4 16 17 0
254 1 2 3 4 16 18 0
255 1 2 3 4 16 19 0
256 1 2 3 4 16 20 0
257 1 2 3 4 16 21 0
258 1 2 3 4 16 22 0
259 1 2 3 4 16 23 0
260 1 2 3 4 16 24 0
261 1 2 3 4 16 25 0
262 1 2 3 4 16 26 0
263 1 2 3 4 16 27 0
264 1 2 3 4 16 28 0
265 1 2 3 4 16 29 0
266 1 2 3 4 16 30 0
267 1 2 3 4 16 31 0
268 1 2 3 4 16 32 0
269 1 2 3 4 16 33 0
270 1 2 3 4 17 18 0
271 1 2 3 4 17 19 0
272 1 2 3 4 17 20 0
273 1 2 3 4 17 21 0
274 1 2 3 4 17 22 0
275 1 2 3 4 17 23 0
276 1 2 3 4 17 24 0
277 1 2 3 4 17 25 0
278 1 2 3 4 17 26 0
279 1 2 3 4 17 27 0
280 1 2 3 4 17 28 0
281 1 2 3 4 17 29 0
282 1 2 3 4 17 30 0
283 1 2 3 4 17 31 0
284 1 2 3 4 17 32 0
285 1 2 3 4 17 33 0
286 1 2 3 4 18 19 0
287 1 2 3 4 18 20 0
288 1 2 3 4 18 21 0
289 1 2 3 4 18 22 0
290 1 2 3 4 18 23 0
291 1 2 3 4 18 24 0
292 1 2 3 4 18 25 0
293 1 2 3 4 18 26 0
294 1 2 3 4 18 27 0
295 1 2 3 4 18 28 0
296 1 2 3 4 18 29 0
297 1 2 3 4 18 30 0
298 1 2 3 4 18 31 0
299 1 2 3 4 18 32 0
300 1 2 3 4 18 33 0
301 1 2 3 4 19 20 0
302 1 2 3 4 19 21 0
303 1 2 3 4 19 22 0
304 1 2 3 4 19 23 0
305 1 2 3 4 19 24 0
306 1 2 3 4 19 25 0
307 1 2 3 4 19 26 0
308 1 2 3 4 19 27 0
309 1 2 3 4 19 28 0
310 1 2 3 4 19 29 0
311 1 2 3 4 19 30 0
312 1 2 3 4 19 31 0
313 1 2 3 4 19 32 0
314 1 2 3 4 19 33 0
315 1 2 3 4 20 21 0
316 1 2 3 4 20 22 0
317 1 2 3 4 20 23 0
318 1 2 3 4 20 24 0
319 1 2 3 4 20 25 0
320 1 2 3 4 20 26 0
321 1 2 3 4 20 27 0
322 1 2 3 4 20 28 0
323 1 2 3 4 20 29 0
324 1 2 3 4 20 30 0
325 1 2 3 4 20 31 0
326 1 2 3 4 20 32 0
327 1 2 3 4 20 33 0
328 1 2 3 4 21 22 0
329 1 2 3 4 21 23 0
330 1 2 3 4 21 24 0
331 1 2 3 4 21 25 0
332 1 2 3 4 21 26 0
333 1 2 3 4 21 27 0
334 1 2 3 4 21 28 0
335 1 2 3 4 21 29 0
336 1 2 3 4 21 30 0
337 1 2 3 4 21 31 0
338 1 2 3 4 21 32 0
339 1 2 3 4 21 33 0
340 1 2 3 4 22 23 0
341 1 2 3 4 22 24 0
342 1 2 3 4 22 25 0
343 1 2 3 4 22 26 0
344 1 2 3 4 22 27 0
345 1 2 3 4 22 28 0
346 1 2 3 4 22 29 0
347 1 2 3 4 22 30 0
348 1 2 3 4 22 31 0
349 1 2 3 4 22 32 0
350 1 2 3 4 22 33 0
351 1 2 3 4 23 24 0
352 1 2 3 4 23 25 0
353 1 2 3 4 23 26 0
354 1 2 3 4 23 27 0
355 1 2 3 4 23 28 0
356 1 2 3 4 23 29 0
357 1 2 3 4 23 30 0
358 1 2 3 4 23 31 0
359 1 2 3 4 23 32 0
360 1 2 3 4 23 33 0
361 1 2 3 4 24 25 0
362 1 2 3 4 24 26 0
363 1 2 3 4 24 27 0
364 1 2 3 4 24 28 0
365 1 2 3 4 24 29 0
366 1 2 3 4 24 30 0
367 1 2 3 4 24 31 0
368 1 2 3 4 24 32 0
369 1 2 3 4 24 33 0
370 1 2 3 4 25 26 0
371 1 2 3 4 25 27 0
372 1 2 3 4 25 28 0
373 1 2 3 4 25 29 0
374 1 2 3 4 25 30 0
375 1 2 3 4 25 31 0
376 1 2 3 4 25 32 0
377 1 2 3 4 25 33 0
378 1 2 3 4 26 27 0
379 1 2 3 4 26 28 0
380 1 2 3 4 26 29 0
381 1 2 3 4 26 30 0
382 1 2 3 4 26 31 0
383 1 2 3 4 26 32 0
384 1 2 3 4 26 33 0
385 1 2 3 4 27 28 0
386 1 2 3 4 27 29 0
387 1 2 3 4 27 30 0
388 1 2 3 4 27 31 0
389 1 2 3 4 27 32 0
390 1 2 3 4 27 33 0
391 1 2 3 4 28 29 0
392 1 2 3 4 28 30 0
393 1 2 3 4 28 31 0
394 1 2 3 4 28 32 0
395 1 2 3 4 28 33 0
396 1 2 3 4 29 30 0
397 1 2 3 4 29 31 0
398 1 2 3 4 29 32 0
399 1 2 3 4 29 33 0
400 1 2 3 4 30 31 0
401 1 2 3 4 30 32 0
402 1 2 3 4 30 33 0
403 1 2 3 4 31 32 0
404 1 2 3 4 31 33 0
405 1 2 3 4 32 33 0
406 1 2 3 5 6 7 0
407 1 2 3 5 6 8 0
408 1 2 3 5 6 9 0
409 1 2 3 5 6 10 0
410 1 2 3 5 6 11 0
411 1 2 3 5 6 12 0
412 1 2 3 5 6 13 0
413 1 2 3 5 6 14 0
414 1 2 3 5 6 15 0
415 1 2 3 5 6 16 0
416 1 2 3 5 6 17 0
417 1 2 3 5 6 18 0
418 1 2 3 5 6 19 0
419 1 2 3 5 6 20 0
420 1 2 3 5 6 21 0
421 1 2 3 5 6 22 0
422 1 2 3 5 6 23 0
423 1 2 3 5 6 24 0
424 1 2 3 5 6 25 0
425 1 2 3 5 6 26 0
426 1 2 3 5 6 27 0
427 1 2 3 5 6 28 0
428 1 2 3 5 6 29 0
429 1 2 3 5 6 30 0
430 1 2 3 5 6 31 0
431 1 2 3 5 6 32 0
432 1 2 3 5 6 33 0
433 1 2 3 5 7 8 0
434 1 2 3 5 7 9 0
435 1 2 3 5 7 10 0
436 1 2 3 5 7 11 0
437 1 2 3 5 7 12 0
438 1 2 3 5 7 13 0
439 1 2 3 5 7 14 0
440 1 2 3 5 7 15 0
441 1 2 3 5 7 16 0
442 1 2 3 5 7 17 0
443 1 2 3 5 7 18 0
444 1 2 3 5 7 19 0
445 1 2 3 5 7 20 0
446 1 2 3 5 7 21 0
447 1 2 3 5 7 22 0
448 1 2 3 5 7 23 0
449 1 2 3 5 7 24 0
450 1 2 3 5 7 25 0
451 1 2 3 5 7 26 0
452 1 2 3 5 7 27 0
453 1 2 3 5 7 28 0
454 1 2 3 5 7 29 0
455 1 2 3 5 7 30 0
456 1 2 3 5 7 31 0
457 1 2 3 5 7 32 0
458 1 2 3 5 7 33 0
459 1 2 3 5 8 9 0
460 1 2 3 5 8 10 0
461 1 2 3 5 8 11 0
462 1 2 3 5 8 12 0
463 1 2 3 5 8 13 0
464 1 2 3 5 8 14 0
465 1 2 3 5 8 15 0
466 1 2 3 5 8 16 0
467 1 2 3 5 8 17 0
468 1 2 3 5 8 18 0
469 1 2 3 5 8 19 0
470 1 2 3 5 8 20 0
471 1 2 3 5 8 21 0
472 1 2 3 5 8 22 0
473 1 2 3 5 8 23 0
474 1 2 3 5 8 24 0
475 1 2 3 5 8 25 0
476 1 2 3 5 8 26 0
477 1 2 3 5 8 27 0
478 1 2 3 5 8 28 0
479 1 2 3 5 8 29 0
480 1 2 3 5 8 30 0
481 1 2 3 5 8 31 0
482 1 2 3 5 8 32 0
483 1 2 3 5 8 33 0
484 1 2 3 5 9 10 0
485 1 2 3 5 9 11 0
486 1 2 3 5 9 12 0
487 1 2 3 5 9 13 0
488 1 2 3 5 9 14 0
489 1 2 3 5 9 15 0
490 1 2 3 5 9 16 0
491 1 2 3 5 9 17 0
492 1 2 3 5 9 18 0
493 1 2 3 5 9 19 0
494 1 2 3 5 9 20 0
495 1 2 3 5 9 21 0
496 1 2 3 5 9 22 0
497 1 2 3 5 9 23 0
498 1 2 3 5 9 24 0
499 1 2 3 5 9 25 0
500 1 2 3 5 9 26 0
501 1 2 3 5 9 27 0
502 1 2 3 5 9 28 0
503 1 2 3 5 9 29 0
504 1 2 3 5 9 30 0
505 1 2 3 5 9 31 0
506 1 2 3 5 9 32 0
507 1 2 3 5 9 33 0
508 1 2 3 5 10 11 0
509 1 2 3 5 10 12 0
510 1 2 3 5 10 13 0
511 1 2 3 5 10 14 0
512 1 2 3 5 10 15 0
513 1 2 3 5 10 16 0
514 1 2 3 5 10 17 0
515 1 2 3 5 10 18 0
516 1 2 3 5 10 19 0
517 1 2 3 5 10 20 0
518 1 2 3 5 10 21 0
519 1 2 3 5 10 22 0
520 1 2 3 5 10 23 0
521 1 2 3 5 10 24 0
522 1 2 3 5 10 25 0
523 1 2 3 5 10 26 0
524 1 2 3 5 10 27 0
525 1 2 3 5 10 28 0
526 1 2 3 5 10 29 0
527 1 2 3 5 10 30 0
528 1 2 3 5 10 31 0
529 1 2 3 5 10 32 0
530 1 2 3 5 10 33 0
531 1 2 3 5 11 12 0
532 1 2 3 5 11 13 0
533 1 2 3 5 11 14 0
534 1 2 3 5 11 15 0
535 1 2 3 5 11 16 0
536 1 2 3 5 11 17 0
537 1 2 3 5 11 18 0
538 1 2 3 5 11 19 0
539 1 2 3 5 11 20 0
540 1 2 3 5 11 21 0
541 1 2 3 5 11 22 0
542 1 2 3 5 11 23 0
543 1 2 3 5 11 24 0
544 1 2 3 5 11 25 0
545 1 2 3 5 11 26 0
546 1 2 3 5 11 27 0
547 1 2 3 5 11 28 0
548 1 2 3 5 11 29 0
549 1 2 3 5 11 30 0
550 1 2 3 5 11 31 0
551 1 2 3 5 11 32 0
552 1 2 3 5 11 33 0
553 1 2 3 5 12 13 0
554 1 2 3 5 12 14 0
555 1 2 3 5 12 15 0
556 1 2 3 5 12 16 0
557 1 2 3 5 12 17 0
558 1 2 3 5 12 18 0
559 1 2 3 5 12 19 0
560 1 2 3 5 12 20 0
561 1 2 3 5 12 21 0
562 1 2 3 5 12 22 0
563 1 2 3 5 12 23 0
564 1 2 3 5 12 24 0
565 1 2 3 5 12 25 0
566 1 2 3 5 12 26 0
567 1 2 3 5 12 27 0
568 1 2 3 5 12 28 0
569 1 2 3 5 12 29 0
570 1 2 3 5 12 30 0
571 1 2 3 5 12 31 0
572 1 2 3 5 12 32 0
573 1 2 3 5 12 33 0
574 1 2 3 5 13 14 0
575 1 2 3 5 13 15 0
576 1 2 3 5 13 16 0
577 1 2 3 5 13 17 0
578 1 2 3 5 13 18 0
579 1 2 3 5 13 19 0
580 1 2 3 5 13 20 0
581 1 2 3 5 13 21 0
582 1 2 3 5 13 22 0
583 1 2 3 5 13 23 0
584 1 2 3 5 13 24 0
585 1 2 3 5 13 25 0
586 1 2 3 5 13 26 0
587 1 2 3 5 13 27 0
588 1 2 3 5 13 28 0
589 1 2 3 5 13 29 0
590 1 2 3 5 13 30 0
591 1 2 3 5 13 31 0
592 1 2 3 5 13 32 0
593 1 2 3 5 13 33 0
594 1 2 3 5 14 15 0
595 1 2 3 5 14 16 0
596 1 2 3 5 14 17 0
597 1 2 3 5 14 18 0
598 1 2 3 5 14 19 0
599 1 2 3 5 14 20 0
600 1 2 3 5 14 21 0
601 1 2 3 5 14 22 0
602 1 2 3 5 14 23 0
603 1 2 3 5 14 24 0
604 1 2 3 5 14 25 0
605 1 2 3 5 14 26 0
606 1 2 3 5 14 27 0
607 1 2 3 5 14 28 0
608 1 2 3 5 14 29 0
609 1 2 3 5 14 30 0
610 1 2 3 5 14 31 0
611 1 2 3 5 14 32 0
612 1 2 3 5 14 33 0
613 1 2 3 5 15 16 0
614 1 2 3 5 15 17 0
615 1 2 3 5 15 18 0
616 1 2 3 5 15 19 0
617 1 2 3 5 15 20 0
618 1 2 3 5 15 21 0
619 1 2 3 5 15 22 0
620 1 2 3 5 15 23 0
621 1 2 3 5 15 24 0
622 1 2 3 5 15 25 0
623 1 2 3 5 15 26 0
624 1 2 3 5 15 27 0
625 1 2 3 5 15 28 0
626 1 2 3 5 15 29 0
627 1 2 3 5 15 30 0
628 1 2 3 5 15 31 0
629 1 2 3 5 15 32 0
630 1 2 3 5 15 33 0
631 1 2 3 5 16 17 0
632 1 2 3 5 16 18 0
633 1 2 3 5 16 19 0
634 1 2 3 5 16 20 0
635 1 2 3 5 16 21 0
636 1 2 3 5 16 22 0
637 1 2 3 5 16 23 0
638 1 2 3 5 16 24 0
639 1 2 3 5 16 25 0
640 1 2 3 5 16 26 0
641 1 2 3 5 16 27 0
642 1 2 3 5 16 28 0
643 1 2 3 5 16 29 0
644 1 2 3 5 16 30 0
645 1 2 3 5 16 31 0
646 1 2 3 5 16 32 0
647 1 2 3 5 16 33 0
648 1 2 3 5 17 18 0
649 1 2 3 5 17 19 0
650 1 2 3 5 17 20 0
651 1 2 3 5 17 21 0
652 1 2 3 5 17 22 0
653 1 2 3 5 17 23 0
654 1 2 3 5 17 24 0
655 1 2 3 5 17 25 0
656 1 2 3 5 17 26 0
657 1 2 3 5 17 27 0
658 1 2 3 5 17 28 0
659 1 2 3 5 17 29 0
660 1 2 3 5 17 30 0
661 1 2 3 5 17 31 0
662 1 2 3 5 17 32 0
663 1 2 3 5 17 33 0
664 1 2 3 5 18 19 0
665 1 2 3 5 18 20 0
666 1 2 3 5 18 21 0
667 1 2 3 5 18 22 0
668 1 2 3 5 18 23 0
669 1 2 3 5 18 24 0
670 1 2 3 5 18 25 0
671 1 2 3 5 18 26 0
672 1 2 3 5 18 27 0
673 1 2 3 5 18 28 0
674 1 2 3 5 18 29 0
675 1 2 3 5 18 30 0
676 1 2 3 5 18 31 0
677 1 2 3 5 18 32 0
678 1 2 3 5 18 33 0
679 1 2 3 5 19 20 0
680 1 2 3 5 19 21 0
681 1 2 3 5 19 22 0
682 1 2 3 5 19 23 0
683 1 2 3 5 19 24 0
684 1 2 3 5 19 25 0
685 1 2 3 5 19 26 0
686 1 2 3 5 19 27 0
687 1 2 3 5 19 28 0
688 1 2 3 5 19 29 0
689 1 2 3 5 19 30 0
690 1 2 3 5 19 31 0
691 1 2 3 5 19 32 0
692 1 2 3 5 19 33 0
693 1 2 3 5 20 21 0
694 1 2 3 5 20 22 0
695 1 2 3 5 20 23 0
696 1 2 3 5 20 24 0
697 1 2 3 5 20 25 0
698 1 2 3 5 20 26 0
699 1 2 3 5 20 27 0
700 1 2 3 5 20 28 0
701 1 2 3 5 20 29 0
702 1 2 3 5 20 30 0
703 1 2 3 5 20 31 0
704 1 2 3 5 20 32 0
705 1 2 3 5 20 33 0
706 1 2 3 5 21 22 0
707 1 2 3 5 21 23 0
708 1 2 3 5 21 24 0
709 1 2 3 5 21 25 0
710 1 2 3 5 21 26 0
711 1 2 3 5 21 27 0
712 1 2 3 5 21 28 0
713 1 2 3 5 21 29 0
714 1 2 3 5 21 30 0
715 1 2 3 5 21 31 0
716 1 2 3 5 21 32 0
717 1 2 3 5 21 33 0
718 1 2 3 5 22 23 0
719 1 2 3 5 22 24 0
720 1 2 3 5 22 25 0
721 1 2 3 5 22 26 0
722 1 2 3 5 22 27 0
723 1 2 3 5 22 28 0
724 1 2 3 5 22 29 0
725 1 2 3 5 22 30 0
726 1 2 3 5 22 31 0
727 1 2 3 5 22 32 0
728 1 2 3 5 22 33 0
729 1 2 3 5 23 24 0
730 1 2 3 5 23 25 0
731 1 2 3 5 23 26 0
732 1 2 3 5 23 27 0
733 1 2 3 5 23 28 0
734 1 2 3 5 23 29 0
735 1 2 3 5 23 30 0
736 1 2 3 5 23 31 0
737 1 2 3 5 23 32 0
738 1 2 3 5 23 33 0
739 1 2 3 5 24 25 0
740 1 2 3 5 24 26 0
741 1 2 3 5 24 27 0
742 1 2 3 5 24 28 0
743 1 2 3 5 24 29 0
744 1 2 3 5 24 30 0
745 1 2 3 5 24 31 0
746 1 2 3 5 24 32 0
747 1 2 3 5 24 33 0
748 1 2 3 5 25 26 0
749 1 2 3 5 25 27 0
750 1 2 3 5 25 28 0
751 1 2 3 5 25 29 0
752 1 2 3 5 25 30 0
753 1 2 3 5 25 31 0
754 1 2 3 5 25 32 0
755 1 2 3 5 25 33 0
756 1 2 3 5 26 27 0
757 1 2 3 5 26 28 0
758 1 2 3 5 26 29 0
759 1 2 3 5 26 30 0
760 1 2 3 5 26 31 0
761 1 2 3 5 26 32 0
762 1 2 3 5 26 33 0
763 1 2 3 5 27 28 0
764 1 2 3 5 27 29 0
765 1 2 3 5 27 30 0
766 1 2 3 5 27 31 0
767 1 2 3 5 27 32 0
768 1 2 3 5 27 33 0
769 1 2 3 5 28 29 0
770 1 2 3 5 28 30 0
771 1 2 3 5 28 31 0
772 1 2 3 5 28 32 0
773 1 2 3 5 28 33 0
774 1 2 3 5 29 30 0
775 1 2 3 5 29 31 0
776 1 2 3 5 29 32 0
777 1 2 3 5 29 33 0
778 1 2 3 5 30 31 0
779 1 2 3 5 30 32 0
780 1 2 3 5 30 33 0
781 1 2 3 5 31 32 0
782 1 2 3 5 31 33 0
783 1 2 3 5 32 33 0
784 1 2 3 6 7 8 0
785 1 2 3 6 7 9 0
786 1 2 3 6 7 10 0
787 1 2 3 6 7 11 0
788 1 2 3 6 7 12 0
789 1 2 3 6 7 13 0
790 1 2 3 6 7 14 0
791 1 2 3 6 7 15 0
792 1 2 3 6 7 16 0
793 1 2 3 6 7 17 0
794 1 2 3 6 7 18 0
795 1 2 3 6 7 19 0
796 1 2 3 6 7 20 0
797 1 2 3 6 7 21 0
798 1 2 3 6 7 22 0
799 1 2 3 6 7 23 0
800 1 2 3 6 7 24 0
801 1 2 3 6 7 25 0
802 1 2 3 6 7 26 0
803 1 2 3 6 7 27 0
804 1 2 3 6 7 28 0
805 1 2 3 6 7 29 0
806 1 2 3 6 7 30 0
807 1 2 3 6 7 31 0
808 1 2 3 6 7 32 0
809 1 2 3 6 7 33 0
810 1 2 3 6 8 9 0
811 1 2 3 6 8 10 0
812 1 2 3 6 8 11 0
813 1 2 3 6 8 12 0
814 1 2 3 6 8 13 0
815 1 2 3 6 8 14 0
816 1 2 3 6 8 15 0
817 1 2 3 6 8 16 0
818 1 2 3 6 8 17 0
819 1 2 3 6 8 18 0
820 1 2 3 6 8 19 0
821 1 2 3 6 8 20 0
822 1 2 3 6 8 21 0
823 1 2 3 6 8 22 0
824 1 2 3 6 8 23 0
825 1 2 3 6 8 24 0
826 1 2 3 6 8 25 0
827 1 2 3 6 8 26 0
828 1 2 3 6 8 27 0
829 1 2 3 6 8 28 0
830 1 2 3 6 8 29 0
831 1 2 3 6 8 30 0
832 1 2 3 6 8 31 0
833 1 2 3 6 8 32 0
834 1 2 3 6 8 33 0
835 1 2 3 6 9 10 0
836 1 2 3 6 9 11 0
837 1 2 3 6 9 12 0
838 1 2 3 6 9 13 0
839 1 2 3 6 9 14 0
840 1 2 3 6 9 15 0
841 1 2 3 6 9 16 0
842 1 2 3 6 9 17 0
843 1 2 3 6 9 18 0
844 1 2 3 6 9 19 0
845 1 2 3 6 9 20 0
846 1 2 3 6 9 21 0
847 1 2 3 6 9 22 0
848 1 2 3 6 9 23 0
849 1 2 3 6 9 24 0
850 1 2 3 6 9 25 0
851 1 2 3 6 9 26 0
852 1 2 3 6 9 27 0
853 1 2 3 6 9 28 0
854 1 2 3 6 9 29 0
855 1 2 3 6 9 30 0
856 1 2 3 6 9 31 0
857 1 2 3 6 9 32 0
858 1 2 3 6 9 33 0
859 1 2 3 6 10 11 0
860 1 2 3 6 10 12 0
861 1 2 3 6 10 13 0
862 1 2 3 6 10 14 0
863 1 2 3 6 10 15 0
864 1 2 3 6 10 16 0
865 1 2 3 6 10 17 0
866 1 2 3 6 10 18 0
867 1 2 3 6 10 19 0
868 1 2 3 6 10 20 0
869 1 2 3 6 10 21 0
870 1 2 3 6 10 22 0
871 1 2 3 6 10 23 0
872 1 2 3 6 10 24 0
873 1 2 3 6 10 25 0
874 1 2 3 6 10 26 0
875 1 2 3 6 10 27 0
876 1 2 3 6 10 28 0
877 1 2 3 6 10 29 0
878 1 2 3 6 10 30 0
879 1 2 3 6 10 31 0
880 1 2 3 6 10 32 0
881 1 2 3 6 10 33 0
882 1 2 3 6 11 12 0
883 1 2 3 6 11 13 0
884 1 2 3 6 11 14 0
885 1 2 3 6 11 15 0
886 1 2 3 6 11 16 0
887 1 2 3 6 11 17 0
888 1 2 3 6 11 18 0
889 1 2 3 6 11 19 0
890 1 2 3 6 11 20 0
891 1 2 3 6 11 21 0
892 1 2 3 6 11 22 0
893 1 2 3 6 11 23 0
894 1 2 3 6 11 24 0
895 1 2 3 6 11 25 0
896 1 2 3 6 11 26 0
897 1 2 3 6 11 27 0
898 1 2 3 6 11 28 0
899 1 2 3 6 11 29 0
900 1 2 3 6 11 30 0
901 1 2 3 6 11 31 0
902 1 2 3 6 11 32 0
903 1 2 3 6 11 33 0
904 1 2 3 6 12 13 0
905 1 2 3 6 12 14 0
906 1 2 3 6 12 15 0
907 1 2 3 6 12 16 0
908 1 2 3 6 12 17 0
909 1 2 3 6 12 18 0
910 1 2 3 6 12 19 0
911 1 2 3 6 12 20 0
912 1 2 3 6 12 21 0
913 1 2 3 6 12 22 0
914 1 2 3 6 12 23 0
915 1 2 3 6 12 24 0
916 1 2 3 6 12 25 0
917 1 2 3 6 12 26 0
918 1 2 3 6 12 27 0
919 1 2 3 6 12 28 0
920 1 2 3 6 12 29 0
921 1 2 3 6 12 30 0
922 1 2 3 6 12 31 0
923 1 2 3 6 12 32 0
924 1 2 3 6 12 33 0
925 1 2 3 6 13 14 0
926 1 2 3 6 13 15 0
927 1 2 3 6 13 16 0
928 1 2 3 6 13 17 0
929 1 2 3 6 13 18 0
930 1 2 3 6 13 19 0
931 1 2 3 6 13 20 0
932 1 2 3 6 13 21 0
933 1 2 3 6 13 22 0
934 1 2 3 6 13 23 0
935 1 2 3 6 13 24 0
936 1 2 3 6 13 25 0
937 1 2 3 6 13 26 0
938 1 2 3 6 13 27 0
939 1 2 3 6 13 28 0
940 1 2 3 6 13 29 0
941 1 2 3 6 13 30 0
942 1 2 3 6 13 31 0
943 1 2 3 6 13 32 0
944 1 2 3 6 13 33 0
945 1 2 3 6 14 15 0
946 1 2 3 6 14 16 0
947 1 2 3 6 14 17 0
948 1 2 3 6 14 18 0
949 1 2 3 6 14 19 0
950 1 2 3 6 14 20 0
951 1 2 3 6 14 21 0
952 1 2 3 6 14 22 0
953 1 2 3 6 14 23 0
954 1 2 3 6 14 24 0
955 1 2 3 6 14 25 0
956 1 2 3 6 14 26 0
957 1 2 3 6 14 27 0
958 1 2 3 6 14 28 0
959 1 2 3 6 14 29 0
960 1 2 3 6 14 30 0
961 1 2 3 6 14 31 0
962 1 2 3 6 14 32 0
963 1 2 3 6 14 33 0
964 1 2 3 6 15 16 0
965 1 2 3 6 15 17 0
966 1 2 3 6 15 18 0
967 1 2 3 6 15 19 0
968 1 2 3 6 15 20 0
969 1 2 3 6 15 21 0
970 1 2 3 6 15 22 0
971 1 2 3 6 15 23 0
972 1 2 3 6 15 24 0
973 1 2 3 6 15 25 0
974 1 2 3 6 15 26 0
975 1 2 3 6 15 27 0
976 1 2 3 6 15 28 0
977 1 2 3 6 15 29 0
978 1 2 3 6 15 30 0
979 1 2 3 6 15 31 0
980 1 2 3 6 15 32 0
981 1 2 3 6 15 33 0
982 1 2 3 6 16 17 0
983 1 2 3 6 16 18 0
984 1 2 3 6 16 19 0
985 1 2 3 6 16 20 0
986 1 2 3 6 16 21 0
987 1 2 3 6 16 22 0
988 1 2 3 6 16 23 0
989 1 2 3 6 16 24 0
990 1 2 3 6 16 25 0
991 1 2 3 6 16 26 0
992 1 2 3 6 16 27 0
993 1 2 3 6 16 28 0
994 1 2 3 6 16 29 0
995 1 2 3 6 16 30 0
996 1 2 3 6 16 31 0
997 1 2 3 6 16 32 0
998 1 2 3 6 16 33 0
999 1 2 3 6 17 18 0
1000 1 2 3 6 17 19 0
1001 1 2 3 6 17 20 0
1002 1 2 3 6 17 21 0
1003 1 2 3 6 17 22 0
1004 1 2 3 6 17 23 0
1005 1 2 3 6 17 24 0
1006 1 2 3 6 17 25 0
1007 1 2 3 6 17 26 0
1008 1 2 3 6 17 27 0
1009 1 2 3 6 17 28 0
1010 1 2 3 6 17 29 0
1011 1 2 3 6 17 30 0
1012 1 2 3 6 17 31 0
1013 1 2 3 6 17 32 0
1014 1 2 3 6 17 33 0
1015 1 2 3 6 18 19 0
1016 1 2 3 6 18 20 0
1017 1 2 3 6 18 21 0
1018 1 2 3 6 18 22 0
1019 1 2 3 6 18 23 0
1020 1 2 3 6 18 24 0
1021 1 2 3 6 18 25 0
1022 1 2 3 6 18 26 0
1023 1 2 3 6 18 27 0
1024 1 2 3 6 18 28 0
1025 1 2 3 6 18 29 0
1026 1 2 3 6 18 30 0
1027 1 2 3 6 18 31 0
1028 1 2 3 6 18 32 0
1029 1 2 3 6 18 33 0
1030 1 2 3 6 19 20 0
1031 1 2 3 6 19 21 0
1032 1 2 3 6 19 22 0
1033 1 2 3 6 19 23 0
1034 1 2 3 6 19 24 0
1035 1 2 3 6 19 25 0
1036 1 2 3 6 19 26 0
1037 1 2 3 6 19 27 0
1038 1 2 3 6 19 28 0
1039 1 2 3 6 19 29 0
1040 1 2 3 6 19 30 0
1041 1 2 3 6 19 31 0
1042 1 2 3 6 19 32 0
1043 1 2 3 6 19 33 0
1044 1 2 3 6 20 21 0
1045 1 2 3 6 20 22 0
1046 1 2 3 6 20 23 0
1047 1 2 3 6 20 24 0
1048 1 2 3 6 20 25 0
1049 1 2 3 6 20 26 0
1050 1 2 3 6 20 27 0
1051 1 2 3 6 20 28 0
1052 1 2 3 6 20 29 0
1053 1 2 3 6 20 30 0
1054 1 2 3 6 20 31 0
1055 1 2 3 6 20 32 0
1056 1 2 3 6 20 33 0
1057 1 2 3 6 21 22 0
1058 1 2 3 6 21 23 0
1059 1 2 3 6 21 24 0
1060 1 2 3 6 21 25 0
1061 1 2 3 6 21 26 0
1062 1 2 3 6 21 27 0
1063 1 2 3 6 21 28 0
1064 1 2 3 6 21 29 0
1065 1 2 3 6 21 30 0
1066 1 2 3 6 21 31 0
1067 1 2 3 6 21 32 0
1068 1 2 3 6 21 33 0
1069 1 2 3 6 22 23 0
1070 1 2 3 6 22 24 0
1071 1 2 3 6 22 25 0
1072 1 2 3 6 22 26 0
1073 1 2 3 6 22 27 0
1074 1 2 3 6 22 28 0
1075 1 2 3 6 22 29 0
1076 1 2 3 6 22 30 0
1077 1 2 3 6 22 31 0
1078 1 2 3 6 22 32 0
1079 1 2 3 6 22 33 0
1080 1 2 3 6 23 24 0
1081 1 2 3 6 23 25 0
1082 1 2 3 6 23 26 0
1083 1 2 3 6 23 27 0
1084 1 2 3 6 23 28 0
1085 1 2 3 6 23 29 0
1086 1 2 3 6 23 30 0
1087 1 2 3 6 23 31 0
1088 1 2 3 6 23 32 0
1089 1 2 3 6 23 33 0
1090 1 2 3 6 24 25 0
1091 1 2 3 6 24 26 0
1092 1 2 3 6 24 27 0
1093 1 2 3 6 24 28 0
1094 1 2 3 6 24 29 0
1095 1 2 3 6 24 30 0
1096 1 2 3 6 24 31 0
1097 1 2 3 6 24 32 0
1098 1 2 3 6 24 33 0
1099 1 2 3 6 25 26 0
1100 1 2 3 6 25 27 0
1101 1 2 3 6 25 28 0
1102 1 2 3 6 25 29 0
1103 1 2 3 6 25 30 0
1104 1 2 3 6 25 31 0
1105 1 2 3 6 25 32 0
1106 1 2 3 6 25 33 0
1107 1 2 3 6 26 27 0
1108 1 2 3 6 26 28 0
1109 1 2 3 6 26 29 0
1110 1 2 3 6 26 30 0
1111 1 2 3 6 26 31 0
1112 1 2 3 6 26 32 0
1113 1 2 3 6 26 33 0
1114 1 2 3 6 27 28 0
1115 1 2 3 6 27 29 0
1116 1 2 3 6 27 30 0
1117 1 2 3 6 27 31 0
1118 1 2 3 6 27 32 0
1119 1 2 3 6 27 33 0
1120 1 2 3 6 28 29 0
1121 1 2 3 6 28 30 0
1122 1 2 3 6 28 31 0
1123 1 2 3 6 28 32 0
1124 1 2 3 6 28 33 0
1125 1 2 3 6 29 30 0
1126 1 2 3 6 29 31 0
1127 1 2 3 6 29 32 0
1128 1 2 3 6 29 33 0
1129 1 2 3 6 30 31 0
1130 1 2 3 6 30 32 0
1131 1 2 3 6 30 33 0
1132 1 2 3 6 31 32 0
1133 1 2 3 6 31 33 0
1134 1 2 3 6 32 33 0
1135 1 2 3 7 8 9 0
1136 1 2 3 7 8 10 0
1137 1 2 3 7 8 11 0
1138 1 2 3 7 8 12 0
1139 1 2 3 7 8 13 0
1140 1 2 3 7 8 14 0
1141 1 2 3 7 8 15 0
1142 1 2 3 7 8 16 0
1143 1 2 3 7 8 17 0
1144 1 2 3 7 8 18 0
1145 1 2 3 7 8 19 0
1146 1 2 3 7 8 20 0
1147 1 2 3 7 8 21 0
1148 1 2 3 7 8 22 0
1149 1 2 3 7 8 23 0
1150 1 2 3 7 8 24 0
1151 1 2 3 7 8 25 0
1152 1 2 3 7 8 26 0
1153 1 2 3 7 8 27 0
1154 1 2 3 7 8 28 0
1155 1 2 3 7 8 29 0
1156 1 2 3 7 8 30 0
1157 1 2 3 7 8 31 0
1158 1 2 3 7 8 32 0
1159 1 2 3 7 8 33 0
1160 1 2 3 7 9 10 0
1161 1 2 3 7 9 11 0
1162 1 2 3 7 9 12 0
1163 1 2 3 7 9 13 0
1164 1 2 3 7 9 14 0
1165 1 2 3 7 9 15 0
1166 1 2 3 7 9 16 0
1167 1 2 3 7 9 17 0
1168 1 2 3 7 9 18 0
1169 1 2 3 7 9 19 0
1170 1 2 3 7 9 20 0
1171 1 2 3 7 9 21 0
1172 1 2 3 7 9 22 0
1173 1 2 3 7 9 23 0
1174 1 2 3 7 9 24 0
1175 1 2 3 7 9 25 0
1176 1 2 3 7 9 26 0
1177 1 2 3 7 9 27 0
1178 1 2 3 7 9 28 0
1179 1 2 3 7 9 29 0
1180 1 2 3 7 9 30 0
1181 1 2 3 7 9 31 0
1182 1 2 3 7 9 32 0
1183 1 2 3 7 9 33 0
1184 1 2 3 7 10 11 0
1185 1 2 3 7 10 12 0
1186 1 2 3 7 10 13 0
1187 1 2 3 7 10 14 0
1188 1 2 3 7 10 15 0
1189 1 2 3 7 10 16 0
1190 1 2 3 7 10 17 0
1191 1 2 3 7 10 18 0
1192 1 2 3 7 10 19 0
1193 1 2 3 7 10 20 0
1194 1 2 3 7 10 21 0
1195 1 2 3 7 10 22 0
1196 1 2 3 7 10 23 0
1197 1 2 3 7 10 24 0
1198 1 2 3 7 10 25 0
1199 1 2 3 7 10 26 0
1200 1 2 3 7 10 27 0
1201 1 2 3 7 10 28 0
1202 1 2 3 7 10 29 0
1203 1 2 3 7 10 30 0
1204 1 2 3 7 10 31 0
1205 1 2 3 7 10 32 0
1206 1 2 3 7 10 33 0
1207 1 2 3 7 11 12 0
1208 1 2 3 7 11 13 0
1209 1 2 3 7 11 14 0
1210 1 2 3 7 11 15 0
1211 1 2 3 7 11 16 0
1212 1 2 3 7 11 17 0
1213 1 2 3 7 11 18 0
1214 1 2 3 7 11 19 0
1215 1 2 3 7 11 20 0
1216 1 2 3 7 11 21 0
1217 1 2 3 7 11 22 0
1218 1 2 3 7 11 23 0
1219 1 2 3 7 11 24 0
1220 1 2 3 7 11 25 0
1221 1 2 3 7 11 26 0
1222 1 2 3 7 11 27 0
1223 1 2 3 7 11 28 0
1224 1 2 3 7 11 29 0
1225 1 2 3 7 11 30 0
1226 1 2 3 7 11 31 0
1227 1 2 3 7 11 32 0
1228 1 2 3 7 11 33 0
1229 1 2 3 7 12 13 0
1230 1 2 3 7 12 14 0
1231 1 2 3 7 12 15 0
1232 1 2 3 7 12 16 0
1233 1 2 3 7 12 17 0
1234 1 2 3 7 12 18 0
1235 1 2 3 7 12 19 0
1236 1 2 3 7 12 20 0
1237 1 2 3 7 12 21 0
1238 1 2 3 7 12 22 0
1239 1 2 3 7 12 23 0
1240 1 2 3 7 12 24 0
1241 1 2 3 7 12 25 0
1242 1 2 3 7 12 26 0
1243 1 2 3 7 12 27 0
1244 1 2 3 7 12 28 0
1245 1 2 3 7 12 29 0
1246 1 2 3 7 12 30 0
1247 1 2 3 7 12 31 0
1248 1 2 3 7 12 32 0
1249 1 2 3 7 12 33 0
1250 1 2 3 7 13 14 0
1251 1 2 3 7 13 15 0
1252 1 2 3 7 13 16 0
1253 1 2 3 7 13 17 0
1254 1 2 3 7 13 18 0
1255 1 2 3 7 13 19 0
1256 1 2 3 7 13 20 0
1257 1 2 3 7 13 21 0
1258 1 2 3 7 13 22 0
1259 1 2 3 7 13 23 0
1260 1 2 3 7 13 24 0
1261 1 2 3 7 13 25 0
1262 1 2 3 7 13 26 0
1263 1 2 3 7 13 27 0
1264 1 2 3 7 13 28 0
1265 1 2 3 7 13 29 0
1266 1 2 3 7 13 30 0
1267 1 2 3 7 13 31 0
1268 1 2 3 7 13 32 0
1269 1 2 3 7 13 33 0
1270 1 2 3 7 14 15 0
1271 1 2 3 7 14 16 0
1272 1 2 3 7 14 17 0
1273 1 2 3 7 14 18 0
1274 1 2 3 7 14 19 0
1275 1 2 3 7 14 20 0
1276 1 2 3 7 14 21 0
1277 1 2 3 7 14 22 0
1278 1 2 3 7 14 23 0
1279 1 2 3 7 14 24 0
1280 1 2 3 7 14 25 0
1281 1 2 3 7 14 26 0
1282 1 2 3 7 14 27 0
1283 1 2 3 7 14 28 0
1284 1 2 3 7 14 29 0
1285 1 2 3 7 14 30 0
1286 1 2 3 7 14 31 0
1287 1 2 3 7 14 32 0
1288 1 2 3 7 14 33 0
1289 1 2 3 7 15 16 0
1290 1 2 3 7 15 17 0
1291 1 2 3 7 15 18 0
1292 1 2 3 7 15 19 0
1293 1 2 3 7 15 20 0
1294 1 2 3 7 15 21 0
1295 1 2 3 7 15 22 0
1296 1 2 3 7 15 23 0
1297 1 2 3 7 15 24 0
1298 1 2 3 7 15 25 0
1299 1 2 3 7 15 26 0
1300 1 2 3 7 15 27 0
1301 1 2 3 7 15 28 0
1302 1 2 3 7 15 29 0
1303 1 2 3 7 15 30 0
1304 1 2 3 7 15 31 0
1305 1 2 3 7 15 32 0
1306 1 2 3 7 15 33 0
1307 1 2 3 7 16 17 0
1308 1 2 3 7 16 18 0
1309 1 2 3 7 16 19 0
1310 1 2 3 7 16 20 0
1311 1 2 3 7 16 21 0
1312 1 2 3 7 16 22 0
1313 1 2 3 7 16 23 0
1314 1 2 3 7 16 24 0
1315 1 2 3 7 16 25 0
1316 1 2 3 7 16 26 0
1317 1 2 3 7 16 27 0
1318 1 2 3 7 16 28 0
1319 1 2 3 7 16 29 0
1320 1 2 3 7 16 30 0
1321 1 2 3 7 16 31 0
1322 1 2 3 7 16 32 0
1323 1 2 3 7 16 33 0
1324 1 2 3 7 17 18 0
1325 1 2 3 7 17 19 0
1326 1 2 3 7 17 20 0
1327 1 2 3 7 17 21 0
1328 1 2 3 7 17 22 0
1329 1 2 3 7 17 23 0
1330 1 2 3 7 17 24 0
1331 1 2 3 7 17 25 0
1332 1 2 3 7 17 26 0
1333 1 2 3 7 17 27 0
1334 1 2 3 7 17 28 0
1335 1 2 3 7 17 29 0
1336 1 2 3 7 17 30 0
1337 1 2 3 7 17 31 0
1338 1 2 3 7 17 32 0
1339 1 2 3 7 17 33 0
1340 1 2 3 7 18 19 0
1341 1 2 3 7 18 20 0
1342 1 2 3 7 18 21 0
1343 1 2 3 7 18 22 0
1344 1 2 3 7 18 23 0
1345 1 2 3 7 18 24 0
1346 1 2 3 7 18 25 0
1347 1 2 3 7 18 26 0
1348 1 2 3 7 18 27 0
1349 1 2 3 7 18 28 0
1350 1 2 3 7 18 29 0
1351 1 2 3 7 18 30 0
1352 1 2 3 7 18 31 0
1353 1 2 3 7 18 32 0
1354 1 2 3 7 18 33 0
1355 1 2 3 7 19 20 0
1356 1 2 3 7 19 21 0
1357 1 2 3 7 19 22 0
1358 1 2 3 7 19 23 0
1359 1 2 3 7 19 24 0
1360 1 2 3 7 19 25 0
1361 1 2 3 7 19 26 0
1362 1 2 3 7 19 27 0
1363 1 2 3 7 19 28 0
1364 1 2 3 7 19 29 0
1365 1 2 3 7 19 30 0
1366 1 2 3 7 19 31 0
1367 1 2 3 7 19 32 0
1368 1 2 3 7 19 33 0
1369 1 2 3 7 20 21 0
1370 1 2 3 7 20 22 0
1371 1 2 3 7 20 23 0
1372 1 2 3 7 20 24 0
1373 1 2 3 7 20 25 0
1374 1 2 3 7 20 26 0
1375 1 2 3 7 20 27 0
1376 1 2 3 7 20 28 0
1377 1 2 3 7 20 29 0
1378 1 2 3 7 20 30 0
1379 1 2 3 7 20 31 0
1380 1 2 3 7 20 32 0
1381 1 2 3 7 20 33 0
1382 1 2 3 7 21 22 0
1383 1 2 3 7 21 23 0
1384 1 2 3 7 21 24 0
1385 1 2 3 7 21 25 0
1386 1 2 3 7 21 26 0
1387 1 2 3 7 21 27 0
1388 1 2 3 7 21 28 0
1389 1 2 3 7 21 29 0
1390 1 2 3 7 21 30 0
1391 1 2 3 7 21 31 0
1392 1 2 3 7 21 32 0
1393 1 2 3 7 21 33 0
1394 1 2 3 7 22 23 0
1395 1 2 3 7 22 24 0
1396 1 2 3 7 22 25 0
1397 1 2 3 7 22 26 0
1398 1 2 3 7 22 27 0
1399 1 2 3 7 22 28 0
1400 1 2 3 7 22 29 0
1401 1 2 3 7 22 30 0
1402 1 2 3 7 22 31 0
1403 1 2 3 7 22 32 0
1404 1 2 3 7 22 33 0
1405 1 2 3 7 23 24 0
1406 1 2 3 7 23 25 0
1407 1 2 3 7 23 26 0
1408 1 2 3 7 23 27 0
1409 1 2 3 7 23 28 0
1410 1 2 3 7 23 29 0
1411 1 2 3 7 23 30 0
1412 1 2 3 7 23 31 0
1413 1 2 3 7 23 32 0
1414 1 2 3 7 23 33 0
1415 1 2 3 7 24 25 0
1416 1 2 3 7 24 26 0
1417 1 2 3 7 24 27 0
1418 1 2 3 7 24 28 0
1419 1 2 3 7 24 29 0
1420 1 2 3 7 24 30 0
1421 1 2 3 7 24 31 0
1422 1 2 3 7 24 32 0
1423 1 2 3 7 24 33 0
1424 1 2 3 7 25 26 0
1425 1 2 3 7 25 27 0
1426 1 2 3 7 25 28 0
1427 1 2 3 7 25 29 0
1428 1 2 3 7 25 30 0
1429 1 2 3 7 25 31 0
1430 1 2 3 7 25 32 0
1431 1 2 3 7 25 33 0
1432 1 2 3 7 26 27 0
1433 1 2 3 7 26 28 0
1434 1 2 3 7 26 29 0
1435 1 2 3 7 26 30 0
1436 1 2 3 7 26 31 0
1437 1 2 3 7 26 32 0
1438 1 2 3 7 26 33 0
1439 1 2 3 7 27 28 0
1440 1 2 3 7 27 29 0
1441 1 2 3 7 27 30 0
1442 1 2 3 7 27 31 0
1443 1 2 3 7 27 32 0
1444 1 2 3 7 27 33 0
1445 1 2 3 7 28 29 0
1446 1 2 3 7 28 30 0
1447 1 2 3 7 28 31 0
1448 1 2 3 7 28 32 0
1449 1 2 3 7 28 33 0
1450 1 2 3 7 29 30 0
1451 1 2 3 7 29 31 0
1452 1 2 3 7 29 32 0
1453 1 2 3 7 29 33 0
1454 1 2 3 7 30 31 0
1455 1 2 3 7 30 32 0
1456 1 2 3 7 30 33 0
1457 1 2 3 7 31 32 0
1458 1 2 3 7 31 33 0
1459 1 2 3 7 32 33 0
1460 1 2 3 8 9 10 0
1461 1 2 3 8 9 11 0
1462 1 2 3 8 9 12 0
1463 1 2 3 8 9 13 0
1464 1 2 3 8 9 14 0
1465 1 2 3 8 9 15 0
1466 1 2 3 8 9 16 0
1467 1 2 3 8 9 17 0
1468 1 2 3 8 9 18 0
1469 1 2 3 8 9 19 0
1470 1 2 3 8 9 20 0
1471 1 2 3 8 9 21 0
1472 1 2 3 8 9 22 0
1473 1 2 3 8 9 23 0
1474 1 2 3 8 9 24 0
1475 1 2 3 8 9 25 0
1476 1 2 3 8 9 26 0
1477 1 2 3 8 9 27 0
1478 1 2 3 8 9 28 0
1479 1 2 3 8 9 29 0
1480 1 2 3 8 9 30 0
1481 1 2 3 8 9 31 0
1482 1 2 3 8 9 32 0
1483 1 2 3 8 9 33 0
1484 1 2 3 8 10 11 0
1485 1 2 3 8 10 12 0
1486 1 2 3 8 10 13 0
1487 1 2 3 8 10 14 0
1488 1 2 3 8 10 15 0
1489 1 2 3 8 10 16 0
1490 1 2 3 8 10 17 0
1491 1 2 3 8 10 18 0
1492 1 2 3 8 10 19 0
1493 1 2 3 8 10 20 0
1494 1 2 3 8 10 21 0
1495 1 2 3 8 10 22 0
1496 1 2 3 8 10 23 0
1497 1 2 3 8 10 24 0
1498 1 2 3 8 10 25 0
1499 1 2 3 8 10 26 0
1500 1 2 3 8 10 27 0
1501 1 2 3 8 10 28 0
1502 1 2 3 8 10 29 0
1503 1 2 3 8 10 30 0
1504 1 2 3 8 10 31 0
1505 1 2 3 8 10 32 0
1506 1 2 3 8 10 33 0
1507 1 2 3 8 11 12 0
1508 1 2 3 8 11 13 0
1509 1 2 3 8 11 14 0
1510 1 2 3 8 11 15 0
1511 1 2 3 8 11 16 0
1512 1 2 3 8 11 17 0
1513 1 2 3 8 11 18 0
1514 1 2 3 8 11 19 0
1515 1 2 3 8 11 20 0
1516 1 2 3 8 11 21 0
1517 1 2 3 8 11 22 0
1518 1 2 3 8 11 23 0
1519 1 2 3 8 11 24 0
1520 1 2 3 8 11 25 0
1521 1 2 3 8 11 26 0
1522 1 2 3 8 11 27 0
1523 1 2 3 8 11 28 0
1524 1 2 3 8 11 29 0
1525 1 2 3 8 11 30 0
1526 1 2 3 8 11 31 0
1527 1 2 3 8 11 32 0
1528 1 2 3 8 11 33 0
1529 1 2 3 8 12 13 0
1530 1 2 3 8 12 14 0
1531 1 2 3 8 12 15 0
1532 1 2 3 8 12 16 0
1533 1 2 3 8 12 17 0
1534 1 2 3 8 12 18 0
1535 1 2 3 8 12 19 0
1536 1 2 3 8 12 20 0
1537 1 2 3 8 12 21 0
1538 1 2 3 8 12 22 0
1539 1 2 3 8 12 23 0
1540 1 2 3 8 12 24 0
1541 1 2 3 8 12 25 0
1542 1 2 3 8 12 26 0
1543 1 2 3 8 12 27 0
1544 1 2 3 8 12 28 0
1545 1 2 3 8 12 29 0
1546 1 2 3 8 12 30 0
1547 1 2 3 8 12 31 0
1548 1 2 3 8 12 32 0
1549 1 2 3 8 12 33 0
1550 1 2 3 8 13 14 0
1551 1 2 3 8 13 15 0
1552 1 2 3 8 13 16 0
1553 1 2 3 8 13 17 0
1554 1 2 3 8 13 18 0
1555 1 2 3 8 13 19 0
1556 1 2 3 8 13 20 0
1557 1 2 3 8 13 21 0
1558 1 2 3 8 13 22 0
1559 1 2 3 8 13 23 0
1560 1 2 3 8 13 24 0
1561 1 2 3 8 13 25 0
1562 1 2 3 8 13 26 0
1563 1 2 3 8 13 27 0
1564 1 2 3 8 13 28 0
1565 1 2 3 8 13 29 0
1566 1 2 3 8 13 30 0
1567 1 2 3 8 13 31 0
1568 1 2 3 8 13 32 0
1569 1 2 3 8 13 33 0
1570 1 2 3 8 14 15 0
1571 1 2 3 8 14 16 0
1572 1 2 3 8 14 17 0
1573 1 2 3 8 14 18 0
1574 1 2 3 8 14 19 0
1575 1 2 3 8 14 20 0
1576 1 2 3 8 14 21 0
1577 1 2 3 8 14 22 0
1578 1 2 3 8 14 23 0
1579 1 2 3 8 14 24 0
1580 1 2 3 8 14 25 0
1581 1 2 3 8 14 26 0
1582 1 2 3 8 14 27 0
1583 1 2 3 8 14 28 0
1584 1 2 3 8 14 29 0
1585 1 2 3 8 14 30 0
1586 1 2 3 8 14 31 0
1587 1 2 3 8 14 32 0
1588 1 2 3 8 14 33 0
1589 1 2 3 8 15 16 0
1590 1 2 3 8 15 17 0
1591 1 2 3 8 15 18 0
1592 1 2 3 8 15 19 0
1593 1 2 3 8 15 20 0
1594 1 2 3 8 15 21 0
1595 1 2 3 8 15 22 0
1596 1 2 3 8 15 23 0
1597 1 2 3 8 15 24 0
1598 1 2 3 8 15 25 0
1599 1 2 3 8 15 26 0
1600 1 2 3 8 15 27 0
1601 1 2 3 8 15 28 0
1602 1 2 3 8 15 29 0
1603 1 2 3 8 15 30 0
1604 1 2 3 8 15 31 0
1605 1 2 3 8 15 32 0
1606 1 2 3 8 15 33 0
1607 1 2 3 8 16 17 0
1608 1 2 3 8 16 18 0
1609 1 2 3 8 16 19 0
1610 1 2 3 8 16 20 0
1611 1 2 3 8 16 21 0
1612 1 2 3 8 16 22 0
1613 1 2 3 8 16 23 0
1614 1 2 3 8 16 24 0
1615 1 2 3 8 16 25 0
1616 1 2 3 8 16 26 0
1617 1 2 3 8 16 27 0
1618 1 2 3 8 16 28 0
1619 1 2 3 8 16 29 0
1620 1 2 3 8 16 30 0
1621 1 2 3 8 16 31 0
1622 1 2 3 8 16 32 0
1623 1 2 3 8 16 33 0
1624 1 2 3 8 17 18 0
1625 1 2 3 8 17 19 0
1626 1 2 3 8 17 20 0
1627 1 2 3 8 17 21 0
1628 1 2 3 8 17 22 0
1629 1 2 3 8 17 23 0
1630 1 2 3 8 17 24 0
1631 1 2 3 8 17 25 0
1632 1 2 3 8 17 26 0
1633 1 2 3 8 17 27 0
1634 1 2 3 8 17 28 0
1635 1 2 3 8 17 29 0
1636 1 2 3 8 17 30 0
1637 1 2 3 8 17 31 0
1638 1 2 3 8 17 32 0
1639 1 2 3 8 17 33 0
1640 1 2 3 8 18 19 0
1641 1 2 3 8 18 20 0
1642 1 2 3 8 18 21 0
1643 1 2 3 8 18 22 0
1644 1 2 3 8 18 23 0
1645 1 2 3 8 18 24 0
1646 1 2 3 8 18 25 0
1647 1 2 3 8 18 26 0
1648 1 2 3 8 18 27 0
1649 1 2 3 8 18 28 0
1650 1 2 3 8 18 29 0
1651 1 2 3 8 18 30 0
1652 1 2 3 8 18 31 0
1653 1 2 3 8 18 32 0
1654 1 2 3 8 18 33 0
1655 1 2 3 8 19 20 0
1656 1 2 3 8 19 21 0
1657 1 2 3 8 19 22 0
1658 1 2 3 8 19 23 0
1659 1 2 3 8 19 24 0
1660 1 2 3 8 19 25 0
1661 1 2 3 8 19 26 0
1662 1 2 3 8 19 27 0
1663 1 2 3 8 19 28 0
1664 1 2 3 8 19 29 0
1665 1 2 3 8 19 30 0
1666 1 2 3 8 19 31 0
1667 1 2 3 8 19 32 0
1668 1 2 3 8 19 33 0
1669 1 2 3 8 20 21 0
1670 1 2 3 8 20 22 0
1671 1 2 3 8 20 23 0
1672 1 2 3 8 20 24 0
1673 1 2 3 8 20 25 0
1674 1 2 3 8 20 26 0
1675 1 2 3 8 20 27 0
1676 1 2 3 8 20 28 0
1677 1 2 3 8 20 29 0
1678 1 2 3 8 20 30 0
1679 1 2 3 8 20 31 0
1680 1 2 3 8 20 32 0
1681 1 2 3 8 20 33 0
