0 1 2 3 4 5 6 0
1 1 2 3 4 5 7 0
2 1 2 3 4 5 8 0
3 1 2 3 4 5 9 0
4 1 2 3 4 5 10 0
5 1 2 3 4 6 7 0
6 1 2 3 4 6 8 0
7 1 2 3 4 6 9 0
8 1 2 3 4 6 10 0
9 1 2 3 4 7 8 0
10 1 2 3 4 7 9 0
11 1 2 3 4 7 10 0
12 1 2 3 4 8 9 0
13 1 2 3 4 8 10 0
14 1 2 3 4 9 10 0
15 1 2 3 5 6 7 0
16 1 2 3 5 6 8 0
17 1 2 3 5 6 9 0
18 1 2 3 5 6 10 0
19 1 2 3 5 7 8 0
20 1 2 3 5 7 9 0
21 1 2 3 5 7 10 0
22 1 2 3 5 8 9 0
23 1 2 3 5 8 10 0
24 1 2 3 5 9 10 0
25 1 2 3 6 7 8 0
26 1 2 3 6 7 9 0
27 1 2 3 6 7 10 0
28 1 2 3 6 8 9 0
29 1 2 3 6 8 10 0
30 1 2 3 6 9 10 0
31 1 2 3 7 8 9 0
32 1 2 3 7 8 10 0
33 1 2 3 7 9 10 0
34 1 2 3 8 9 10 0
35 1 2 4 5 6 7 0
36 1 2 4 5 6 8 0
37 1 2 4 5 6 9 0
38 1 2 4 5 6 10 0
39 1 2 4 5 7 8 0
40 1 2 4 5 7 9 0
41 1 2 4 5 7 10 0
42 1 2 4 5 8 9 0
43 1 2 4 5 8 10 0
44 1 2 4 5 9 10 0
45 1 2 4 6 7 8 0
46 1 2 4 6 7 9 0
47 1 2 4 6 7 10 0
48 1 2 4 6 8 9 0
49 1 2 4 6 8 10 0
50 1 2 4 6 9 10 0
51 1 2 4 7 8 9 0
52 1 2 4 7 8 10 0
53 1 2 4 7 9 10 0
54 1 2 4 8 9 10 0
55 1 2 5 6 7 8 0
56 1 2 5 6 7 9 0
57 1 2 5 6 7 10 0
58 1 2 5 6 8 9 0
59 1 2 5 6 8 10 0
60 1 2 5 6 9 10 0
61 1 2 5 7 8 9 0
62 1 2 5 7 8 10 0
63 1 2 5 7 9 10 0
64 1 2 5 8 9 10 0
65 1 2 6 7 8 9 0
66 1 2 6 7 8 10 0
67 1 2 6 7 9 10 0
68 1 2 6 8 9 10 0
69 1 2 7 8 9 10 0
70 1 3 4 5 6 7 0
71 1 3 4 5 6 8 0
72 1 3 4 5 6 9 0
73 1 3 4 5 6 10 0
74 1 3 4 5 7 8 0
75 1 3 4 5 7 9 0
76 1 3 4 5 7 10 0
77 1 3 4 5 8 9 0
78 1 3 4 5 8 10 0
79 1 3 4 5 9 10 0
80 1 3 4 6 7 8 0
81 1 3 4 6 7 9 0
82 1 3 4 6 7 10 0
83 1 3 4 6 8 9 0
84 1 3 4 6 8 10 0
85 1 3 4 6 9 10 0
86 1 3 4 7 8 9 0
87 1 3 4 7 8 10 0
88 1 3 4 7 9 10 0
89 1 3 4 8 9 10 0
90 1 3 5 6 7 8 0
91 1 3 5 6 7 9 0
92 1 3 5 6 7 10 0
93 1 3 5 6 8 9 0
94 1 3 5 6 8 10 0
95 1 3 5 6 9 10 0
96 1 3 5 7 8 9 0
97 1 3 5 7 8 10 0
98 1 3 5 7 9 10 0
99 1 3 5 8 9 10 0
100 1 3 6 7 8 9 0
101 1 3 6 7 8 10 0
102 1 3 6 7 9 10 0
103 1 3 6 8 9 10 0
104 1 3 7 8 9 10 0
105 1 4 5 6 7 8 0
106 1 4 5 6 7 9 0
107 1 4 5 6 7 10 0
108 1 4 5 6 8 9 0
109 1 4 5 6 8 10 0
110 1 4 5 6 9 10 0
111 1 4 5 7 8 9 0
112 1 4 5 7 8 10 0
113 1 4 5 7 9 10 0
114 1 4 5 8 9 10 0
115 1 4 6 7 8 9 0
116 1 4 6 7 8 10 0
117 1 4 6 7 9 10 0
118 1 4 6 8 9 10 0
119 1 4 7 8 9 10 0
120 1 5 6 7 8 9 0
121 1 5 6 7 8 10 0
122 1 5 6 7 9 10 0
123 1 5 6 8 9 10 0
124 1 5 7 8 9 10 0
125 1 6 7 8 9 10 0
126 2 3 4 5 6 7 0
127 2 3 4 5 6 8 0
128 2 3 4 5 6 9 0
129 2 3 4 5 6 10 0
130 2 3 4 5 7 8 0
131 2 3 4 5 7 9 0
132 2 3 4 5 7 10 0
133 2 3 4 5 8 9 0
134 2 3 4 5 8 10 0
135 2 3 4 5 9 10 0
136 2 3 4 6 7 8 0
137 2 3 4 6 7 9 0
138 2 3 4 6 7 10 0
139 2 3 4 6 8 9 0
140 2 3 4 6 8 10 0
141 2 3 4 6 9 10 0
142 2 3 4 7 8 9 0
143 2 3 4 7 8 10 0
144 2 3 4 7 9 10 0
145 2 3 4 8 9 10 0
146 2 3 5 6 7 8 0
147 2 3 5 6 7 9 0
148 2 3 5 6 7 10 0
149 2 3 5 6 8 9 0
150 2 3 5 6 8 10 0
151 2 3 5 6 9 10 0
152 2 3 5 7 8 9 0
153 2 3 5 7 8 10 0
154 2 3 5 7 9 10 0
155 2 3 5 8 9 10 0
156 2 3 6 7 8 9 0
157 2 3 6 7 8 10 0
158 2 3 6 7 9 10 0
159 2 3 6 8 9 10 0
160 2 3 7 8 9 10 0
161 2 4 5 6 7 8 0
162 2 4 5 6 7 9 0
163 2 4 5 6 7 10 0
164 2 4 5 6 8 9 0
165 2 4 5 6 8 10 0
166 2 4 5 6 9 10 0
167 2 4 5 7 8 9 0
168 2 4 5 7 8 10 0
169 2 4 5 7 9 10 0
170 2 4 5 8 9 10 0
171 2 4 6 7 8 9 0
172 2 4 6 7 8 10 0
173 2 4 6 7 9 10 0
174 2 4 6 8 9 10 0
175 2 4 7 8 9 10 0
176 2 5 6 7 8 9 0
177 2 5 6 7 8 10 0
178 2 5 6 7 9 10 0
179 2 5 6 8 9 10 0
180 2 5 7 8 9 10 0
181 2 6 7 8 9 10 0
182 3 4 5 6 7 8 0
183 3 4 5 6 7 9 0
184 3 4 5 6 7 10 0
185 3 4 5 6 8 9 0
186 3 4 5 6 8 10 0
187 3 4 5 6 9 10 0
188 3 4 5 7 8 9 0
189 3 4 5 7 8 10 0
190 3 4 5 7 9 10 0
191 3 4 5 8 9 10 0
192 3 4 6 7 8 9 0
193 3 4 6 7 8 10 0
194 3 4 6 7 9 10 0
195 3 4 6 8 9 10 0
196 3 4 7 8 9 10 0
197 3 5 6 7 8 9 0
198 3 5 6 7 8 10 0
199 3 5 6 7 9 10 0
200 3 5 6 8 9 10 0
201 3 5 7 8 9 10 0
202 3 6 7 8 9 10 0
203 4 5 6 7 8 9 0
204 4 5 6 7 8 10 0
205 4 5 6 7 9 10 0
206 4 5 6 8 9 10 0
207 4 5 7 8 9 10 0
208 4 6 7 8 9 10 0
209 5 6 7 8 9 10 0
