03	04	08	12	16	20	0	
08	09	17	19	26	28	0	
04	09	13	22	29	30	0	
01	02	05	09	16	23	0	
03	07	18	20	21	33	0	
01	07	22	25	26	28	0	
02	04	06	21	22	32	0	
04	07	14	18	21	29	0	
01	08	11	28	29	31	0	
09	14	17	18	23	29	0	
03	04	08	13	16	27	0	
03	09	11	15	27	32	0	
05	10	11	27	28	30	0	
07	10	19	28	29	33	0	
13	15	17	18	28	33	0	
02	08	18	21	24	30	0	
08	09	15	26	30	31	0	
05	10	11	14	16	17	0	
05	06	17	22	27	29	0	
10	11	12	13	15	27	0	
03	04	10	16	21	33	0	
05	08	10	17	22	33	0	
02	04	15	23	24	33	0	
02	03	06	09	12	29	0	
03	09	11	12	14	24	0	
02	11	14	16	26	27	0	
09	14	16	26	30	31	0	
01	04	06	10	27	33	0	
12	16	17	21	28	30	0	
07	20	26	27	31	33	0	
04	10	12	14	20	22	0	
05	06	21	22	28	31	0	
09	15	20	23	27	28	0	
02	10	11	13	23	30	0	
01	13	19	22	24	27	0	
03	08	10	15	18	25	0	
05	10	19	24	26	31	0	
01	06	10	13	30	32	0	
08	26	27	29	32	33	0	
05	20	23	25	28	32	0	
02	08	13	17	23	32	0	
03	07	22	27	28	32	0	
13	19	22	25	30	31	0	
02	04	14	25	31	33	0	
01	04	10	18	24	31	0	
09	14	16	21	26	30	0	
06	07	08	10	19	24	0	
10	24	25	27	29	32	0	
11	12	13	22	23	33	0	
11	13	15	17	25	28	0	
10	18	20	21	22	29	0	
09	11	18	22	29	31	0	
02	07	14	17	20	22	0	
03	05	17	19	24	25	0	
09	10	13	19	21	26	0	
02	05	11	20	22	31	0	
05	09	15	23	27	31	0	
02	04	10	15	24	30	0	
04	10	25	26	29	30	0	
08	13	14	15	19	32	0	
09	10	22	26	28	33	0	
01	07	13	14	15	21	0	
01	02	03	09	16	28	0	
05	08	15	19	25	33	0	
01	13	19	21	23	29	0	
03	05	12	25	31	33	0	
03	08	21	27	28	29	0	
02	04	15	21	23	24	0	
01	13	16	21	31	32	0	
03	04	25	27	28	30	0	
08	11	16	23	24	25	0	
03	09	11	23	26	32	0	
10	19	22	26	30	31	0	
10	11	18	21	24	33	0	
07	09	11	12	26	33	0	
01	13	18	23	28	32	0	
13	19	23	24	30	31	0	
11	15	18	20	22	23	0	
02	05	16	17	21	32	0	
11	12	20	21	27	32	0	
01	08	09	11	27	33	0	
03	11	26	27	31	33	0	
03	07	15	16	20	21	0	
04	09	10	21	25	27	0	
02	03	04	09	15	25	0	
02	05	07	09	30	31	0	
09	13	17	19	20	22	0	
02	16	18	20	21	32	0	
02	03	06	19	21	26	0	
01	12	13	15	21	29	0	
07	12	24	26	27	31	0	
01	03	10	15	24	25	0	
05	07	11	19	27	31	0	
14	16	18	27	32	33	0	
03	14	17	19	23	28	0
15	17	19	24	27	29	0
02	03	16	20	25	30	0
03	12	21	26	32	33	0
02	03	04	05	11	28	0
04	14	15	22	23	26	0
01	05	08	11	21	24	0
07	14	21	25	26	29	0
03	07	23	26	29	31	0
14	19	21	22	25	30	0
01	03	10	11	25	29	0
03	06	08	14	19	23	0
08	10	11	26	28	31	0
02	07	09	11	18	22	0
01	02	08	17	20	29	0
01	03	14	16	20	29	0
05	08	09	10	17	27	0
02	07	12	19	21	22	0
10	11	16	20	29	32	0
05	09	10	14	21	32	0
12	14	18	19	20	30	0
01	02	08	18	26	30	0
01	13	16	19	22	27	0
01	02	05	22	27	31	0
06	14	23	27	31	32	0
03	04	05	13	19	25	0
02	07	14	24	27	31	0
03	04	11	14	16	17	0
08	14	16	18	19	24	0
05	07	08	09	11	25	0
08	12	16	20	24	33	0
04	06	09	18	25	30	0
06	08	12	15	29	31	0
04	05	07	17	23	29	0
11	13	18	20	24	26	0
01	06	14	27	30	31	0
03	06	19	21	26	31	0
01	02	06	24	29	33	0
04	12	14	16	18	25	0
12	19	21	24	26	27	0
06	11	12	22	24	32	0
03	12	17	20	21	23	0
04	07	09	10	19	26	0
03	06	07	08	16	17	0
07	08	13	18	30	32	0